lastAccountName: BlitzLeague
timestamps:
  login: 1590586533758
  lastteleport: 1590587916273
  logout: 1590587973768
ipAddress: 178.116.36.167
lastlocation:
  world: world
  x: 499.5
  y: 71.0
  z: 314.5
  yaw: -0.2208013
  pitch: 0.14720087
logoutlocation:
  world: world
  x: 513.0888791257804
  y: 75.06387454992726
  z: 443.9046810918757
  yaw: 174.105
  pitch: 14.732403
