lastAccountName: Bella_B33
timestamps:
  login: 1590152155557
  logout: 1590152543706
ipAddress: 109.79.76.52
logoutlocation:
  world: world
  x: -951.5124999880791
  y: 60.0
  z: 1218.5157229785834
  yaw: -196.4961
  pitch: 24.750069
