lastAccountName: ThatAvocado_Boi
timestamps:
  login: 1590431237419
  logout: 1590434802172
ipAddress: 178.69.37.15
lastlocation:
  world: world
  x: 593.5111098204759
  y: 63.0
  z: 270.66835543869354
  yaw: -88.358826
  pitch: 71.699814
money: '650.0'
godmode: false
logoutlocation:
  world: world
  x: 500.446947989099
  y: 70.5
  z: 311.8171297779438
  yaw: -34.051113
  pitch: 27.899878
