lastAccountName: MLiric
timestamps:
  login: 1590614737645
  logout: 1590614740584
ipAddress: 37.228.232.151
logoutlocation:
  world: world
  x: 502.5379734008797
  y: 73.85874566839756
  z: 314.292228373298
  yaw: 65.623825
  pitch: 27.993172
lastlocation:
  world: world
  x: 254.7378131646874
  y: 97.0
  z: 69.25190525751339
  yaw: -105.39874
  pitch: 35.61645
