lastAccountName: Sp00kshow800
timestamps:
  login: 1590526462699
  logout: 1590526556418
ipAddress: 86.45.188.200
logoutlocation:
  world: world
  x: 502.69999998807907
  y: 67.0
  z: 315.69999998807907
  yaw: 126.81026
  pitch: -41.73862
