lastAccountName: Consisted
timestamps:
  login: 1591196582217
  lastteleport: 1591195386094
  logout: 1591196980009
ipAddress: 87.214.223.161
lastlocation:
  world: world
  x: 499.56148528923944
  y: 71.0
  z: 315.6688643522597
  yaw: 163.79958
  pitch: 30.509193
logoutlocation:
  world: world
  x: 482.4089104783756
  y: 73.0
  z: 303.35482445305473
  yaw: 144.69434
  pitch: 18.900005
