lastAccountName: MystiBlu3
timestamps:
  login: 1589999841067
  logout: 1590001769918
ipAddress: 37.228.227.119
logoutlocation:
  world: world
  x: -176.41051838461954
  y: 81.0
  z: 244.69999998807907
  yaw: 41.432297
  pitch: -2.0716145
