world: world
x: 499.6344472897668
y: 71.0
z: 314.2316449009747
yaw: -1.2207031E-4
pitch: -3.3907888
name: spawn
lastowner: 3dccfcdf-9111-4695-8d7b-019dfca99984
